8
0,31,61,36,68,73,83,37
31,0,44,36,54,62,46,14
61,44,0,11,73,18,13,55
36,36,11,0,44,97,85,98
68,54,73,44,0,68,47,66
73,62,18,97,68,0,98,91
83,46,13,85,47,98,0,89
37,14,55,98,66,91,89,0
1
7